111111111

11111111 1111111111 1111111111 redfgfinmf,
11011111111111111111111,11111 11111111 1111111
1111111 1111111111 1111111111111·111111111

111111111111111111 111111111111111111111111
11111111111111111111111111111111111111
1111111111111111111111111111111,81111111
sanguinem 1111111111111111111110111
11111111,111111’1.-

1111111111111111111111111111111111111
tus ,.1111111111111111111111111111111 Cap&
111111111111111111111111111111111111111.
11101111111111111111111111111111
&ucae 1111111111(111111 11111111111111-
1111111111 111 11111111111111111111 1111 11111-
(11111 bene 101111111111111111111111
’ 111111111111111111111111111111111111
11111111111111111111111111111111111111
11111111111111111111111111111111111,
,11110111 1111111 1111111 1111111111 &cum
1111111111111 tantis 11 coquuntur,
dum 1111111111 11111111111111111

1111111111111111111111111111111111

 

